张瑾 20171105123 女 19980705 05 15048912298 67
周婧 20171105133 女 19980324 01 15748930033 89
王静 20166122123 男 19990612 02 05 15077865522  78
王美丽 20151203225 男 19971212 04 13309140871 30
张楠 20161005111 女 19970329 02 14747923224 88
刘静 20181221165 女 19990605 02 15124803372 90
吴雅琪 20145793032 女 19970909 07 15249549804 65
杨波 20152201001 男 19950403 06 17548951915 65
吕浩 20171105145 男 19981112 01 13314878983 78
王霞 20103570125 女 19930626 10 18647951237 47
王鑫 20171105135 女 19990620 03 18748242711 92
赵文静 20131635699 女 19960223 01 15354800137 60
张亮 20163709456 男 19980920 03 13332497628 56
马跃 20171100322 男 19980615 05 15661154814 89
郭婷婷 20171102187 女 19971203 04 13015107142 89
张志宇 20161103177 男 19990606 07 13019053428 56
王博 20161106443 男 19970409 07 13171221489 74

